1 2 2 1
2 4 3 3
3 7 4 6
4 11 4 10
5 16 6 15
6 22 6 21
7 29 7 28
8 37 7 36
9 46 7 45
10 56 8 55
11 67 8 66
12 79 8 78
13 92 8 91
14 106 8 105
15 121 9 120
16 137 8 136
17 154 9 153
18 172 8 171
19 191 10 190
20 211 9 210
21 232 9 231
22 254 10 253
23 277 10 276
24 301 10 300
25 326 10 325
26 352 10 351
27 379 11 378
28 407 11 406
29 436 11 435
30 466 10 465
31 497 10 496
32 529 10 528
33 562 10 561
34 596 10 595
35 631 10 630
36 667 11 666
37 704 11 703
38 742 11 741
39 781 11 780
40 821 11 820
41 862 11 861
42 904 11 903
43 947 11 946
44 991 11 990
45 1036 12 1035
46 1082 11 1081
47 1129 12 1128
48 1177 11 1176
49 1226 12 1225
50 1276 12 1275
51 1327 13 1326
52 1379 12 1378
53 1432 13 1431
54 1486 12 1485
55 1541 13 1540
56 1597 12 1596
57 1654 13 1653
58 1712 12 1711
59 1771 13 1770
60 1831 12 1830
61 1892 13 1891
62 1954 12 1953
63 2017 13 2016
64 2081 13 2080
65 2146 13 2145
66 2212 13 2211
67 2279 13 2278
68 2347 13 2346
69 2416 14 2415
70 2486 14 2485
71 2557 14 2556
72 2629 14 2628
73 2702 14 2701
74 2776 14 2775
75 2851 14 2850
76 2927 14 2926
77 3004 14 3003
78 3082 14 3081
79 3161 14 3160
80 3241 14 3240
81 3322 14 3321
82 3404 14 3403
83 3487 14 3486
84 3571 14 3570
85 3656 14 3655
86 3742 14 3741
87 3829 14 3828
88 3917 14 3916
89 4006 14 4005
90 4096 14 4095
91 4187 15 4186
92 4279 15 4278
93 4372 15 4371
94 4466 15 4465
95 4561 15 4560
96 4657 15 4656
97 4754 15 4753
98 4852 15 4851
99 4951 15 4950
100 5051 15 5050
101 5152 15 5151
102 5254 15 5253
103 5357 15 5356
104 5461 15 5460
105 5566 15 5565
106 5672 15 5671
107 5779 15 5778
108 5887 15 5886
109 5996 15 5995
110 6106 15 6105
111 6217 15 6216
112 6329 15 6328
113 6442 15 6441
114 6556 15 6555
115 6671 15 6670
116 6787 15 6786
117 6904 14 6903
118 7022 14 7021
119 7141 14 7140
120 7261 14 7260
121 7382 14 7381
122 7504 15 7503
123 7627 15 7626
124 7751 15 7750
125 7876 15 7875
126 8002 15 8001
127 8129 15 8128
128 8257 15 8256
129 8386 15 8385
130 8516 15 8515
131 8647 15 8646
132 8779 15 8778
133 8912 15 8911
134 9046 15 9045
135 9181 16 9180
136 9317 15 9316
137 9454 16 9453
138 9592 15 9591
139 9731 16 9730
140 9871 15 9870
141 10012 16 10011
142 10154 15 10153
143 10297 16 10296
144 10441 15 10440
145 10586 16 10585
146 10732 15 10731
147 10879 16 10878
148 11027 15 11026
149 11176 16 11175
150 11326 15 11325
151 11477 16 11476
152 11629 15 11628
153 11782 16 11781
154 11936 15 11935
155 12091 16 12090
156 12247 15 12246
157 12404 16 12403
158 12562 15 12561
159 12721 16 12720
160 12881 15 12880
161 13042 16 13041
162 13204 15 13203
163 13367 16 13366
164 13531 15 13530
165 13696 16 13695
166 13862 15 13861
167 14029 16 14028
168 14197 15 14196
169 14366 17 14365
170 14536 16 14535
171 14707 17 14706
172 14879 16 14878
173 15052 17 15051
174 15226 16 15225
175 15401 17 15400
176 15577 16 15576
177 15754 17 15753
178 15932 16 15931
179 16111 17 16110
180 16291 16 16290
181 16472 17 16471
182 16654 16 16653
183 16837 17 16836
184 17021 16 17020
185 17206 17 17205
186 17392 16 17391
187 17579 17 17578
188 17767 16 17766
189 17956 17 17955
190 18146 17 18145
191 18337 17 18336
192 18529 17 18528
193 18722 17 18721
194 18916 17 18915
195 19111 17 19110
196 19307 17 19306
197 19504 17 19503
198 19702 17 19701
199 19901 17 19900
200 20101 17 20100
