1 2 2 1
2 4 3 3
3 6 4 6
4 8 5 10
5 10 6 15
6 12 6 21
7 14 7 28
8 16 7 36
9 18 8 45
10 20 8 55
11 22 8 66
12 24 8 78
13 26 9 91
14 28 9 105
15 30 9 120
16 32 9 136
17 34 10 153
18 36 10 171
19 38 10 190
20 40 10 210
21 42 10 231
22 44 10 253
23 3 3 22
24 48 10 300
25 50 11 325
26 52 11 351
27 23 2 16
28 56 11 406
29 58 11 435
30 60 11 465
31 62 11 496
32 64 11 528
33 66 12 561
34 68 12 595
35 70 12 630
36 72 12 666
37 74 12 703
38 41 6 18
39 78 12 780
40 80 12 820
41 82 12 861
42 84 12 903
43 86 12 946
44 88 12 990
45 49 6 21
46 92 12 1081
47 94 12 1128
48 96 12 1176
49 98 13 1225
50 100 13 1275
51 102 13 1326
52 104 13 1378
53 106 13 1431
54 108 13 1485
55 110 13 1540
56 83 6 15
57 114 13 1653
58 103 7 7
59 19 4 50
60 11 4 55
61 103 5 10
62 124 13 1953
63 126 13 2016
64 71 4 29
65 130 14 2145
66 37 6 48
67 35 5 50
68 136 14 2346
69 138 14 2415
70 140 14 2485
71 142 14 2556
72 144 14 2628
73 3 4 72
74 148 14 2775
75 150 14 2850
76 53 6 50
77 27 4 64
78 156 14 3081
79 158 14 3160
80 160 14 3240
81 105 6 29
82 164 14 3403
83 93 6 37
84 168 14 3570
85 170 14 3655
86 172 14 3741
87 174 14 3828
88 176 14 3916
89 178 14 4005
90 180 14 4095
91 95 2 44
92 184 14 4278
93 83 5 52
94 188 14 4465
95 190 14 4560
96 192 14 4656
97 194 15 4753
98 196 15 4851
99 198 15 4950
100 157 8 22
101 202 15 5151
102 204 15 5253
103 206 15 5356
104 208 15 5460
105 195 8 8
106 49 6 82
107 214 15 5778
108 216 15 5886
109 218 15 5995
110 220 15 6105
111 222 15 6216
112 224 15 6328
113 226 15 6441
114 228 15 6555
115 230 15 6670
116 123 6 55
117 234 15 6903
118 236 15 7021
119 207 6 16
120 41 6 100
121 242 15 7381
122 244 15 7503
123 246 15 7626
124 248 15 7750
125 241 10 5
126 252 15 8001
127 254 15 8128
128 217 9 20
129 258 16 8385
130 260 16 8515
131 262 16 8646
132 264 16 8778
133 266 16 8911
134 231 8 19
135 270 16 9180
136 31 2 121
137 274 16 9453
138 276 16 9591
139 251 9 14
140 141 7 70
141 137 7 73
142 143 4 71
143 213 9 37
144 155 6 67
145 233 8 29
146 131 7 81
147 294 16 10878
148 296 16 11026
149 298 16 11175
150 300 16 11325
151 39 4 132
152 275 9 15
153 287 8 10
154 308 16 11935
155 259 8 26
156 31 2 141
157 314 16 12403
158 293 10 12
159 247 7 36
160 320 16 12880
161 179 6 72
162 229 8 48
163 231 6 48
164 15 4 157
165 330 16 13695
166 332 16 13861
167 47 4 144
168 139 6 99
169 257 9 41
170 340 16 14535
171 342 16 14706
172 344 16 14878
173 346 16 15051
174 99 6 125
175 51 6 150
176 281 9 36
177 231 6 62
178 356 16 15931
179 279 6 40
180 107 6 127
181 362 16 16471
182 317 9 24
183 366 16 16836
184 211 7 79
185 370 16 17205
186 247 6 63
187 241 8 67
188 321 9 28
189 43 6 168
190 380 16 18145
191 121 7 131
192 325 9 30
193 221 8 83
194 388 17 18915
195 341 10 25
196 79 4 157
197 387 13 4
198 396 17 19701
199 321 9 39
200 43 6 179
